date_yyyymmdd	precipitation_mm_per_day
20161231	0
20170101	0.05
20170102	0
20170103	0
20170104	2.64
20170105	12.19
20170106	8.54
20170107	0
20170108	0
20170109	0.32
20170110	0.57
20170111	0.01
20170112	0
20170113	0
20170114	0
20170115	0
20170116	0.05
20170117	0
20170118	0.01
20170119	0
20170120	0
20170121	0
20170122	0
20170123	0
20170124	0
20170125	0
20170126	0
20170127	0
20170128	2.36
20170129	0.22
20170130	0.01
20170131	1.67
20170201	0.01
20170202	0.09
20170203	0
20170204	0
20170205	0.09
20170206	0.51
20170207	4.29
20170208	0.02
20170209	0
20170210	0
20170211	0
20170212	0
20170213	0
20170214	0
20170215	0
20170216	0
20170217	0
20170218	0
20170219	0.01
20170220	2.35
20170221	8.28
20170222	0
20170223	0
20170224	0
20170225	0
20170226	0
20170227	0
20170228	0.45
20170301	0
20170302	0
20170303	0
20170304	0.06
20170305	0.34
20170306	0
20170307	0
20170308	0
20170309	0
20170310	0
20170311	0.37
20170312	15.68
20170313	2.16
20170314	0.17
20170315	2.45
20170316	0
20170317	0.02
20170318	0.11
20170319	1.05
20170320	0
20170321	3.2
20170322	0.22
20170323	1.36
20170324	0.01
20170325	0
20170326	0
20170327	0
20170328	0
20170329	2.51
20170330	10.13
20170331	0.15
20170401	0
20170402	0
20170403	3.86
20170404	5.03
20170405	1.09
20170406	0.02
20170407	1.25
20170408	19.96
20170409	21.27
20170410	4.18
20170411	0
20170412	0
20170413	0.01
20170414	0
20170415	9.64
20170416	12.94
20170417	0
20170418	0
20170419	1.08
20170420	0
20170421	0
20170422	0
20170423	0
20170424	0.24
20170425	3.64
20170426	0
20170427	0.09
20170428	0
20170429	0
20170430	0.12
20170501	0.48
20170502	4.9
20170503	24.39
20170504	0
20170505	0
20170506	0
20170507	2.01
20170508	0
20170509	0
20170510	0.65
20170511	3.72
20170512	0
20170513	0.7
20170514	0
20170515	0.45
20170516	0
20170517	0
20170518	0
20170519	0.39
20170520	0.08
20170521	0.8
20170522	16.83
20170523	0.85
20170524	0
20170525	0
20170526	0.54
20170527	0
20170528	0
20170529	0.14
20170530	0
20170531	0
20170601	0
20170602	0.01
20170603	5.02
20170604	34.3
20170605	10.15
20170606	0
20170607	0.02
20170608	3
20170609	48.13
20170610	0
20170611	0.44
20170612	0.11
20170613	0
20170614	0.11
20170615	0
20170616	0
20170617	0
20170618	0
20170619	0
20170620	0.52
20170621	0.31
20170622	0.38
20170623	7.6
20170624	0
20170625	0.36
20170626	0.28
20170627	0.09
20170628	0.01
20170629	0.46
20170630	0.9
20170701	0.1
20170702	0
20170703	0
20170704	0.01
20170705	2.27
20170706	16.08
20170707	0.04
20170708	2.28
20170709	0.12
20170710	0.02
20170711	0.04
20170712	0.02
20170713	0.45
20170714	3.44
20170715	16.59
20170716	17.37
20170717	4.73
20170718	7.11
20170719	1.59
20170720	0.34
20170721	0.09
20170722	0.01
20170723	0
20170724	0.05
20170725	0.11
20170726	0
20170727	0.28
20170728	0.24
20170729	0.79
20170730	0.15
20170731	1.85
20170801	4.83
20170802	1.97
20170803	0.28
20170804	0
20170805	0.03
20170806	0.45
20170807	55.6
20170808	7.53
20170809	0.02
20170810	0
20170811	0.8
20170812	0.55
20170813	0.38
20170814	0.13
20170815	0.09
20170816	0.14
20170817	1
20170818	4.81
20170819	1.67
20170820	0.13
20170821	0.47
20170822	0.44
20170823	1.26
20170824	0.53
20170825	1.77
20170826	0.17
20170827	0.1
20170828	16.94
20170829	6.49
20170830	14.95
20170831	8.57
20170901	41.22
20170902	8.21
20170903	7.4
20170904	6.69
20170905	8.3
20170906	0.19
20170907	0
20170908	4.31
20170909	67.77
20170910	5.27
20170911	0
20170912	0
20170913	0
20170914	0.02
20170915	0
20170916	0.06
20170917	0
20170918	0.79
20170919	0.88
20170920	0
20170921	0
20170922	0
20170923	16.21
20170924	31.79
20170925	6.18
20170926	3.17
20170927	12.51
20170928	0
20170929	0.17
20170930	8.9
20171001	16.58
20171002	13.82
20171003	24.96
20171004	13.55
20171005	0.11
20171006	0.1
20171007	1.28
20171008	2.3
20171009	6.14
20171010	6.45
20171011	41.04
20171012	0.04
20171013	0.03
20171014	0.02
20171015	0.71
20171016	9.26
20171017	23.81
20171018	1.16
20171019	0.02
20171020	0
20171021	0
20171022	1.17
20171023	0.11
20171024	0
20171025	0
20171026	0
20171027	0
20171028	0.97
20171029	0
20171030	0
20171031	0
20171101	0.02
20171102	0
20171103	0
20171104	0
20171105	0
20171106	0
20171107	0
20171108	0
20171109	0.01
20171110	0.76
20171111	4.47
20171112	0
20171113	0
20171114	0.77
20171115	0
20171116	0.22
20171117	4.71
20171118	0
20171119	0.63
20171120	0
20171121	0
20171122	0
20171123	0
20171124	0
20171125	0
20171126	0
20171127	0
20171128	0.33
20171129	1.49
20171130	0
20171201	0
20171202	0
20171203	0.12
20171204	0
20171205	0
20171206	0
20171207	0
20171208	0
20171209	0
20171210	0
20171211	0
20171212	0
20171213	1.71
20171214	0.09
20171215	0
20171216	0
20171217	0
20171218	0
20171219	0
20171220	0
20171221	0
20171222	0
20171223	0
20171224	0
20171225	0
20171226	0
20171227	0
20171228	0
20171229	0
20171230	0
20171231	0
20180101	0
20180102	0.44
20180103	14.88
20180104	3.32
20180105	2.04
20180106	4.12
20180107	0.17
20180108	0
20180109	0
20180110	0
20180111	0
20180112	0
20180113	0
20180114	0
20180115	0.01
20180116	0
20180117	0
20180118	0
20180119	0
20180120	0
20180121	0
20180122	0.02
20180123	0.39
20180124	10.46
20180125	3.33
20180126	0.89
20180127	1.07
20180128	0.01
20180129	0
20180130	0
20180131	0
20180201	0
20180202	0
20180203	0
20180204	0
20180205	0
20180206	0
20180207	0
20180208	0.07
20180209	0.01
20180210	0
20180211	0
20180212	0
20180213	0
20180214	0
20180215	0
20180216	0
20180217	2.7
20180218	2.39
20180219	0.04
20180220	0.55
20180221	0.11
20180222	0
20180223	0
20180224	0
20180225	0
20180226	0.26
20180227	6.29
20180228	0.1
20180301	11.07
20180302	0.01
20180303	0.85
20180304	5.1
20180305	0.39
20180306	4.18
20180307	0.13
20180308	0
20180309	0
20180310	0.01
20180311	0
20180312	0
20180313	0.11
20180314	0.12
20180315	1.4
20180316	0.07
20180317	7.54
20180318	3.81
20180319	1.81
20180320	0.03
20180321	0.15
20180322	0.01
20180323	0
20180324	0.72
20180325	0.26
20180326	0
20180327	0
20180328	0
20180329	0.32
20180330	0.02
20180331	0.01
20180401	0
20180402	0
20180403	0.82
20180404	11.12
20180405	3.89
20180406	0
20180407	0
20180408	0
20180409	0
20180410	0
20180411	7.35
20180412	14.91
20180413	10.67
20180414	0
20180415	0
20180416	0
20180417	0
20180418	0
20180419	0
20180420	1.51
20180421	2.02
20180422	4
20180423	0.06
20180424	2.85
20180425	2.85
20180426	0
20180427	0
20180428	1.08
20180429	0
20180430	3.78
20180501	2.13
20180502	0.03
20180503	0
20180504	7.83
20180505	14.46
20180506	7.11
20180507	0
20180508	0
20180509	0.2
20180510	4.71
20180511	2.8
20180512	0
20180513	0
20180514	0.22
20180515	0.96
20180516	0.18
20180517	27.24
20180518	39.29
20180519	9.52
20180520	13.48
20180521	7.39
20180522	0
20180523	0.04
20180524	2.74
20180525	13.62
20180526	0.19
20180527	0
20180528	0
20180529	0
20180530	0.11
20180531	0
20180601	1
20180602	0
20180603	0.04
20180604	0
20180605	0
20180606	0
20180607	0.06
20180608	0.01
20180609	0
20180610	0
20180611	0
20180612	0.55
20180613	0
20180614	0
20180615	0
20180616	0.71
20180617	10.86
20180618	68.36
20180619	0.13
20180620	0
20180621	0.03
20180622	0.22
20180623	5.18
20180624	21.48
20180625	0.26
20180626	5.88
20180627	1.49
20180628	0
20180629	0.69
20180630	0.25
20180701	0
20180702	9.14
20180703	13.21
20180704	25.11
20180705	0.21
20180706	0.04
20180707	0
20180708	1.93
20180709	5.98
20180710	3.96
20180711	0.97
20180712	4.98
20180713	16.28
20180714	0.52
20180715	1.17
20180716	2.71
20180717	0.25
20180718	0.08
20180719	0.07
20180720	0.53
20180721	0.32
20180722	0.03
20180723	0.08
20180724	0
20180725	0.42
20180726	19.43
20180727	33.31
20180728	3.95
20180729	14.81
20180730	20.99
20180731	21.66
20180801	6.48
20180802	4.32
20180803	0.57
20180804	3.21
20180805	6.85
20180806	0.61
20180807	0.1
20180808	0.04
20180809	1.24
20180810	0.27
20180811	0.02
20180812	0.05
20180813	0.04
20180814	0.21
20180815	0.05
20180816	6.2
20180817	0.22
20180818	5.33
20180819	0.06
20180820	0.01
20180821	0
20180822	1.32
20180823	0.05
20180824	0
20180825	0
20180826	0
20180827	0
20180828	0
20180829	2.12
20180830	3.28
20180831	5.53
20180901	0.88
20180902	0.49
20180903	0
20180904	0.01
20180905	0.93
20180906	0
20180907	0
20180908	0
20180909	0.17
20180910	0
20180911	0
20180912	0
20180913	7.18
20180914	2.4
20180915	0.82
20180916	0.22
20180917	15.5
20180918	8.3
20180919	13.64
20180920	12.35
20180921	0
20180922	0
20180923	0
20180924	5.82
20180925	15.71
20180926	0.8
20180927	0.3
20180928	0
20180929	0
20180930	0
20181001	0
20181002	0
20181003	0
20181004	0
20181005	0
20181006	0.01
20181007	0
20181008	0.04
20181009	0
20181010	0
20181011	0
20181012	0
20181013	0.01
20181014	0.06
20181015	0.02
20181016	0
20181017	0.03
20181018	0
20181019	0
20181020	0.89
20181021	0.01
20181022	0
20181023	0
20181024	0.07
20181025	0
20181026	0
20181027	0
20181028	0
20181029	0
20181030	0
20181031	0
20181101	0
20181102	0
20181103	0
20181104	0.27
20181105	14.61
20181106	3.39
20181107	2.16
20181108	0
20181109	0
20181110	5.83
20181111	0.23
20181112	0.01
20181113	0
20181114	1.23
20181115	0.55
20181116	3.46
20181117	4.42
20181118	0
20181119	0
20181120	0
20181121	0
20181122	0
20181123	0
20181124	0
20181125	0
20181126	0
20181127	0
20181128	0
20181129	0.89
20181130	7.12
20181201	4.16
20181202	0.21
20181203	8.74
20181204	0.07
20181205	1.36
20181206	0.06
20181207	0.43
20181208	0.2
20181209	0
20181210	0.13
20181211	0
20181212	0
20181213	0
20181214	0
20181215	0
20181216	0
20181217	0
20181218	0
20181219	0.79
20181220	0.01
20181221	0.57
20181222	0
20181223	0
20181224	0.08
20181225	0.01
20181226	0.06
20181227	3.71
20181228	0.04
20181229	0.02
20181230	0
20181231	0
20190101	0
20190102	0
20190103	0.04
20190104	0.1
20190105	0.39
20190106	0.03
20190107	0.01
20190108	1.34
20190109	1.4
20190110	0.19
20190111	0
20190112	0
20190113	0
20190114	0
20190115	0
20190116	0
20190117	0
20190118	0.01
20190119	0
20190120	0
20190121	0
20190122	0
20190123	0
20190124	0
20190125	0
20190126	0
20190127	0
20190128	0
20190129	0.03
20190130	13.43
20190131	0.34
20190201	0
20190202	0
20190203	0
20190204	0
20190205	0.09
20190206	1.43
20190207	0.83
20190208	0.66
20190209	0.75
20190210	0.3
20190211	0
20190212	0.09
20190213	4.34
20190214	0.26
20190215	0.06
20190216	0.3
20190217	0.67
20190218	0.09
20190219	0
20190220	0.05
20190221	0.74
20190222	0
20190223	0
20190224	0
20190225	0.02
20190226	3.33
20190227	0.08
20190228	1.49
20190301	3.4
20190302	0.61
20190303	0
20190304	3.01
20190305	0
20190306	0
20190307	0
20190308	0
20190309	0
20190310	0.81
20190311	0.17
20190312	0.05
20190313	3.46
20190314	0
20190315	0
20190316	0
20190317	0
20190318	0
20190319	1.99
20190320	0
20190321	6.09
20190322	0.44
20190323	0
20190324	0
20190325	0
20190326	0
20190327	0.02
20190328	0.16
20190329	0.32
20190330	0
20190331	0
20190401	0.05
20190402	4.86
20190403	0
20190404	0
20190405	0
20190406	0.15
20190407	0
20190408	37.67
20190409	1.06
20190410	4.95
20190411	0
20190412	1.46
20190413	0.06
20190414	0
20190415	0
20190416	0
20190417	0
20190418	2.19
20190419	0.03
20190420	6.13
20190421	2.16
20190422	2.05
20190423	0
20190424	0.05
20190425	0.31
20190426	0.45
20190427	4.65
20190428	4.59
20190429	0
20190430	0
20190501	0
20190502	0
20190503	0
20190504	0.01
20190505	2.17
20190506	0
20190507	0
20190508	0
20190509	0
20190510	0.36
20190511	0.25
20190512	1.35
20190513	0
20190514	4
20190515	0
20190516	3.61
20190517	0.07
20190518	4.24
20190519	0
20190520	0
20190521	0
20190522	0
20190523	0.32
20190524	0.17
20190525	0.01
20190526	0.07
20190527	0
20190528	2.32
20190529	0.28
20190530	0.34
20190531	0
20190601	0
20190602	0.05
20190603	0.32
20190604	0
20190605	73.18
20190606	0.02
20190607	0.22
20190608	0.06
20190609	0.27
20190610	0
20190611	0.56
20190612	0.84
20190613	0
20190614	0
20190615	0.22
20190616	0.01
20190617	7.23
20190618	7.46
20190619	9.48
20190620	11.6
20190621	19.82
20190622	0.45
20190623	0.13
20190624	0.14
20190625	0
20190626	0.61
20190627	13.68
20190628	12
20190629	0
20190630	0
20190701	0
20190702	0
20190703	0.07
20190704	0
20190705	0
20190706	0
20190707	0
20190708	1.95
20190709	0.62
20190710	7.55
20190711	9.28
20190712	5.75
20190713	0.35
20190714	0
20190715	0.05
20190716	3.37
20190717	12.98
20190718	5.7
20190719	0
20190720	0
20190721	0.01
20190722	12.61
20190723	0.16
20190724	0.98
20190725	0.58
20190726	0.99
20190727	0.52
20190728	0.09
20190729	28.01
20190730	6.58
20190731	4.28
20190801	15.79
20190802	7.24
20190803	22.32
20190804	3.11
20190805	1.15
20190806	25.54
20190807	8.5
20190808	0.5
20190809	11.45
20190810	0.15
20190811	0.46
20190812	0.06
20190813	0.01
20190814	0.29
20190815	0
20190816	0
20190817	0.65
20190818	0.04
20190819	0
20190820	0
20190821	1.85
20190822	4.33
20190823	0.01
20190824	0
20190825	0
20190826	2.79
20190827	0.81
20190828	0
20190829	0
20190830	0
20190831	0
20190901	0.18
20190902	2.32
20190903	0.49
20190904	2.35
20190905	0
20190906	0
20190907	0
20190908	0
20190909	0
20190910	0.21
20190911	0.05
20190912	4.19
20190913	4.33
20190914	0.21
20190915	3.69
20190916	5.18
20190917	3.9
20190918	0.09
20190919	0.56
20190920	0.26
20190921	0.03
20190922	0
20190923	0
20190924	0
20190925	0.25
20190926	0.07
20190927	0.02
20190928	0
20190929	0
20190930	0
20191001	0.18
20191002	0
20191003	0.91
20191004	25.86
20191005	24.37
20191006	7.19
20191007	13.7
20191008	5.89
20191009	0.64
20191010	2.04
20191011	2.82
20191012	0.35
20191013	0.31
20191014	1.22
20191015	5.46
20191016	0.97
20191017	0
20191018	0
20191019	0
20191020	0.21
20191021	12.13
20191022	5.22
20191023	0
20191024	0.76
20191025	0
20191026	0
20191027	0
20191028	0
20191029	0
20191030	0
20191031	0
20191101	0.01
20191102	0
20191103	0
20191104	0
20191105	0.12
20191106	0.01
20191107	0.03
20191108	0
20191109	0.26
20191110	0
20191111	0.69
20191112	1.1
20191113	0
20191114	0
20191115	0.03
20191116	0.03
20191117	2.56
20191118	0
20191119	0
20191120	0.54
20191121	0
20191122	0
20191123	0.37
20191124	4.65
20191125	0
20191126	0.01
20191127	0.62
20191128	0
20191129	0.5
20191130	0.39
20191201	0
20191202	0
20191203	0
20191204	0
20191205	0
20191206	0
20191207	0
20191208	0
20191209	0
20191210	0
20191211	0
20191212	0
20191213	0
20191214	0.06
20191215	0.61
20191216	0.23
20191217	0.07
20191218	0.41
20191219	0
20191220	0
20191221	0
20191222	0.34
20191223	0.35
20191224	0.2
20191225	0.28
20191226	0
20191227	0
20191228	0.02
20191229	0
20191230	0
20191231	0
20200101	0
20200102	0
20200103	0
20200104	11.73
20200105	6.89
20200106	17.66
20200107	0.08
20200108	3.86
20200109	1.15
20200110	0.49
20200111	0.11
20200112	0.32
20200113	0.45
20200114	0.37
20200115	1.01
20200116	0
20200117	0
20200118	0
20200119	0
20200120	0.02
20200121	0.18
20200122	1.23
20200123	2.94
20200124	4.45
20200125	1.01
20200126	0.65
20200127	0.04
20200128	0
20200129	0
20200130	0
20200131	0
20200201	0
20200202	0.02
20200203	0
20200204	0
20200205	6.79
20200206	1.05
20200207	0
20200208	0
20200209	0
20200210	0
20200211	0
20200212	0.02
20200213	0.01
20200214	5.76
20200215	0.91
20200216	0
20200217	0
20200218	0
20200219	0
20200220	0.3
20200221	0
20200222	0
20200223	0
20200224	0.1
20200225	0.09
20200226	5.56
20200227	13.45
20200228	0.01
20200229	0.01
20200301	0.16
20200302	0
20200303	0
20200304	0
20200305	0
20200306	0
20200307	0.33
20200308	5.48
20200309	1.19
20200310	0
20200311	0
20200312	0.3
20200313	0.39
20200314	0
20200315	0
20200316	0
20200317	0
20200318	0
20200319	0
20200320	0
20200321	0.8
20200322	3.44
20200323	0
20200324	0.22
20200325	0.17
20200326	7.13
20200327	12.98
20200328	7.17
20200329	2.23
20200330	1.07
20200331	0.14
20200401	1.6
20200402	2.84
20200403	0.05
20200404	0
20200405	0.04
20200406	0.21
20200407	0
20200408	0
20200409	0.01
20200410	3.01
20200411	0.15
20200412	0
20200413	0
20200414	1.39
20200415	0
20200416	1.18
20200417	2.43
20200418	7.85
20200419	0.11
20200420	1.91
20200421	0
20200422	0
20200423	0
20200424	0
20200425	0
20200426	0
20200427	0
20200428	0
20200429	0
20200430	0
20200501	0
20200502	0
20200503	0
20200504	0.32
20200505	0
20200506	1.24
20200507	10.29
20200508	0.42
20200509	9.28
20200510	0
20200511	0
20200512	0.02
20200513	0.96
20200514	0.13
20200515	0
20200516	0
20200517	0.01
20200518	0
20200519	0.03
20200520	0.09
20200521	0
20200522	0
20200523	0.05
20200524	0.23
20200525	0
20200526	0
20200527	0
20200528	0.26
20200529	0.16
20200530	0.01
20200531	1.32
20200601	0
20200602	0
20200603	0
20200604	0
20200605	0.05
20200606	0
20200607	0.11
20200608	3.82
20200609	20.15
20200610	3.5
20200611	9.3
20200612	13.92
20200613	0.06
20200614	0.77
20200615	6.92
20200616	16.87
20200617	21.73
20200618	0.06
20200619	0.64
20200620	12.36
20200621	0.65
20200622	9.29
20200623	0.1
20200624	0
20200625	0
20200626	1.48
20200627	60.12
20200628	1.07
20200629	0.01
20200630	0.34
20200701	14.01
20200702	0.42
20200703	0
20200704	0.08
20200705	0.3
20200706	0
20200707	0.08
20200708	0.69
20200709	0.01
20200710	0.57
20200711	13.66
20200712	5.1
20200713	2.52
20200714	22.38
20200715	16.41
20200716	16.86
20200717	18.12
20200718	22.07
20200719	0.12
20200720	0.7
20200721	50.32
20200722	12.09
20200723	1.71
20200724	0.03
20200725	14.93
20200726	0.25
20200727	0.2
20200728	0.43
20200729	0.9
20200730	0.49
20200731	1.4
20200801	1.82
20200802	1.58
20200803	0.67
20200804	0.19
20200805	0.42
20200806	0.5
20200807	33.45
20200808	17.12
20200809	0
20200810	0.02
20200811	1
20200812	1.4
20200813	0.05
20200814	0.34
20200815	0.31
20200816	0.4
20200817	1.81
20200818	13.02
20200819	25.07
20200820	43.13
20200821	16.1
20200822	0.62
20200823	0.77
20200824	0.01
20200825	0
20200826	0.01
20200827	0.01
20200828	0
20200829	0
20200830	0
20200831	0.02
20200901	0.06
20200902	0
20200903	0
20200904	0
20200905	0.02
20200906	0
20200907	0.16
20200908	0
20200909	3.43
20200910	0.51
20200911	0.03
20200912	0
20200913	0.04
20200914	0.02
20200915	0
20200916	0
20200917	0
20200918	0
20200919	3.72
20200920	31
20200921	25.63
20200922	8
20200923	0.01
20200924	0
20200925	0.88
20200926	0.56
20200927	0.96
20200928	0.44
20200929	0.75
20200930	0.01
20201001	3.47
20201002	35.29
20201003	13.94
20201004	4.4
20201005	5.39
20201006	3.72
20201007	0
20201008	0.81
20201009	0
20201010	0.01
20201011	0.16
20201012	3.67
20201013	4.89
20201014	1.69
20201015	5.07
20201016	0.15
20201017	0
20201018	0.21
20201019	0
20201020	0
20201021	0
20201022	0
20201023	0
20201024	0
20201025	0
20201026	0
20201027	0.02
20201028	0.23
20201029	0
20201030	2.38
20201031	0.03
20201101	0
20201102	0
20201103	0
20201104	0
20201105	0
20201106	0
20201107	0
20201108	0
20201109	0
20201110	0
20201111	0
20201112	0
20201113	0
20201114	0
20201115	0
20201116	0.29
20201117	19.19
20201118	4.37
20201119	0.04
20201120	5.19
20201121	3.86
20201122	6.1
20201123	3.57
20201124	0.53
20201125	0.2
20201126	0
20201127	0.01
20201128	0.05
20201129	0
20201130	0.41
20201201	0.88
20201202	0.14
20201203	0.26
20201204	0.73
20201205	0
20201206	0.27
20201207	0
20201208	0
20201209	0
20201210	0
20201211	0
20201212	0
20201213	0.1
20201214	0
20201215	0
20201216	0
20201217	0
20201218	0
20201219	0
20201220	0
20201221	0
20201222	0
20201223	0
20201224	0
20201225	0
20201226	0
20201227	0
20201228	5.46
20201229	0.9
20201230	0
20201231	0
20210101	0
20210102	0
20210103	0
20210104	0.15
20210105	0.11
20210106	0.19
20210107	0
20210108	0
20210109	0
20210110	0.01
20210111	0
20210112	0
20210113	0
20210114	0
20210115	0
20210116	0.01
20210117	0
20210118	0
20210119	0
20210120	0
20210121	0
20210122	0
20210123	0.31
20210124	6
20210125	0.4
20210126	0
20210127	0
20210128	0
20210129	0
20210130	0
20210131	0
20210201	0
20210202	0
20210203	0
20210204	0.44
20210205	0
20210206	0.01
20210207	0
20210208	0
20210209	0
20210210	0
20210211	0
20210212	0
20210213	4.96
20210214	0
20210215	0.71
20210216	0
20210217	0
20210218	0
20210219	0
20210220	0
20210221	0
20210222	0
20210223	1.03
20210224	8.52
20210225	14.38
20210226	3.37
20210227	2.81
20210228	3.47
20210301	0.16
20210302	0
20210303	0
20210304	0.1
20210305	2.3
20210306	0.69
20210307	0.33
20210308	0.32
20210309	0.04
20210310	4.95
20210311	0.01
20210312	4.11
20210313	0.1
20210314	2.41
20210315	0.22
20210316	2.81
20210317	7.43
20210318	10.05
20210319	9.26
20210320	0.16
20210321	0
20210322	0
20210323	0
20210324	0
20210325	2.03
20210326	5.5
20210327	0
20210328	0.38
20210329	0.56
20210330	18.44
20210331	2.75
20210401	6.47
20210402	1.76
20210403	0.18
20210404	0
20210405	0
20210406	6.02
20210407	7.17
20210408	0
20210409	0.06
20210410	0
20210411	0
20210412	0
20210413	0.58
20210414	0.06
20210415	0
20210416	0
20210417	0
20210418	0
20210419	4.55
20210420	9.86
20210421	2.98
20210422	0.73
20210423	17.8
20210424	12.21
20210425	0.76
20210426	0.2
20210427	0
20210428	0.01
20210429	0
20210430	0
20210501	0
20210502	0.03
20210503	4.3
20210504	0
20210505	0.01
20210506	0
20210507	0
20210508	0
20210509	0
20210510	2.72
20210511	0.01
20210512	1.12
20210513	3.84
20210514	14.88
20210515	34.51
20210516	4.45
20210517	0
20210518	0.01
20210519	0.35
20210520	0
20210521	0.52
20210522	2.58
20210523	2.4
20210524	0
20210525	0.34
20210526	0
20210527	0
20210528	0
20210529	0
20210530	0
20210531	0.02
20210601	0.06
20210602	0
20210603	0
20210604	0
20210605	0
20210606	0
20210607	0
20210608	0
20210609	0.51
20210610	0.11
20210611	0
20210612	3.59
20210613	0.84
20210614	0.04
20210615	2.72
20210616	0.15
20210617	2.41
20210618	19.43
20210619	0.04
20210620	0.03
20210621	0
20210622	0
20210623	0
20210624	0
20210625	4.17
20210626	30.83
20210627	2.02
20210628	0
20210629	0
20210630	0
20210701	0.97
20210702	2.72
20210703	0.09
20210704	0.39
20210705	12.95
20210706	3.83
20210707	4.35
20210708	0
20210709	0.08
20210710	4.25
20210711	7.72
20210712	0.4
20210713	0.01
20210714	0.66
20210715	8.87
20210716	1.86
20210717	4.73
20210718	10.7
20210719	12.27
20210720	15.32
20210721	8.45
20210722	10.94
20210723	2.16
20210724	1.14
20210725	0.04
20210726	0
20210727	0.04
20210728	3.48
20210729	2.23
20210730	0
20210731	0
20210801	0
20210802	0.17
20210803	0.09
20210804	0.04
20210805	0.32
20210806	0
20210807	0.56
20210808	3.56
20210809	0.6
20210810	0
20210811	1.69
20210812	4.57
20210813	11.87
20210814	0.51
20210815	1
20210816	6.91
20210817	0.09
20210818	0.34
20210819	1.68
20210820	6.74
20210821	0.13
20210822	11.51
20210823	5.86
20210824	0
20210825	0.6
20210826	15.6
20210827	2.41
20210828	7.78
20210829	30.4
20210830	0.49
20210831	0.38
20210901	0.13
20210902	0.41
20210903	0.2
20210904	8.69
20210905	0.12
20210906	2.31
20210907	0
20210908	0
20210909	0
20210910	0
20210911	0
20210912	0
20210913	0.02
20210914	0
20210915	0
20210916	0
20210917	1.31
20210918	6.79
20210919	25.4
20210920	0
20210921	0
20210922	0
20210923	0
20210924	1.69
20210925	0.18
20210926	0.6
20210927	0.13
20210928	20.17
20210929	0
20210930	0
20211001	0
20211002	0
20211003	0
20211004	0.19
20211005	2.3
20211006	1.74
20211007	5.32
20211008	0.58
20211009	0.07
20211010	1.4
20211011	0
20211012	0
20211013	0
20211014	5.56
20211015	8.76
20211016	0.9
20211017	0
20211018	0
20211019	1.04
20211020	6.93
20211021	0
20211022	0
20211023	0
20211024	0
20211025	0.21
20211026	0.01
20211027	0
20211028	0
20211029	0
20211030	0
20211031	0
20211101	0
20211102	0.02
20211103	0
20211104	0.28
20211105	0.01
20211106	2.03
20211107	0.11
20211108	0
20211109	0
20211110	0
20211111	0
20211112	0
20211113	0
20211114	0
20211115	0
20211116	0
20211117	0
20211118	0
20211119	0
20211120	0.63
20211121	0
20211122	0
20211123	0
20211124	0
20211125	0
20211126	0
20211127	0
20211128	0
20211129	0.18
20211130	0
20211201	0
20211202	0
20211203	0
20211204	0
20211205	0
20211206	0
20211207	0
20211208	0
20211209	0
20211210	2.37
20211211	0.64
20211212	0
20211213	0
20211214	0
20211215	0.12
20211216	0
20211217	0
20211218	0
20211219	0
20211220	0
20211221	0
20211222	0
20211223	0
20211224	0.09
20211225	0.09
20211226	0
20211227	0
20211228	0
20211229	0
20211230	0
20211231	0
