date_yyyymmdd	fitted_deformation_mm
20170111	-3.322971972
20170112	-3.182611484
20170113	-3.042751338
20170114	-2.903421868
20170115	-2.764653273
20170116	-2.626475606
20170117	-2.488918769
20170118	-2.3520125
20170119	-2.21578637
20170120	-2.08026977
20170121	-1.945491904
20170122	-1.811481783
20170123	-1.678268212
20170124	-1.545879787
20170125	-1.414344883
20170126	-1.283691648
20170127	-1.153947995
20170128	-1.025141592
20170129	-0.8972998563
20170130	-0.7704499445
20170131	-0.6446187471
20170201	-0.5198328792
20170202	-0.3961186733
20170203	-0.2735021717
20170204	-0.1520091187
20170205	-0.03166495388
20170206	0.08750519611
20170207	0.2054765242
20170208	0.3222245502
20170209	0.4377251282
20170210	0.551954453
20170211	0.6648890676
20170212	0.7765058695
20170213	0.8867821179
20170214	0.9956954399
20170215	1.103223837
20170216	1.209345693
20170217	1.314039776
20170218	1.417285251
20170219	1.519061681
20170220	1.619349034
20170221	1.71812769
20170222	1.815378446
20170223	1.911082523
20170224	2.005221569
20170225	2.097777664
20170226	2.188733332
20170227	2.278071536
20170228	2.36577569
20170301	2.451829663
20170302	2.53621778
20170303	2.618924834
20170304	2.699936081
20170305	2.779237252
20170306	2.856814553
20170307	2.932654673
20170308	3.006744782
20170309	3.079072541
20170310	3.149626102
20170311	3.218394113
20170312	3.28536572
20170313	3.350530572
20170314	3.413878822
20170315	3.475401134
20170316	3.535088679
20170317	3.592933144
20170318	3.648926733
20170319	3.703062167
20170320	3.755332687
20170321	3.805732058
20170322	3.85425457
20170323	3.900895039
20170324	3.945648807
20170325	3.988511749
20170326	4.029480267
20170327	4.068551297
20170328	4.105722308
20170329	4.140991301
20170330	4.174356811
20170331	4.205817911
20170401	4.235374205
20170402	4.263025834
20170403	4.288773475
20170404	4.312618338
20170405	4.334562169
20170406	4.354607248
20170407	4.37275639
20170408	4.389012941
20170409	4.40338078
20170410	4.415864316
20170411	4.42646849
20170412	4.435198767
20170413	4.442061143
20170414	4.447062136
20170415	4.45020879
20170416	4.451508665
20170417	4.450969846
20170418	4.44860093
20170419	4.444411029
20170420	4.438409768
20170421	4.430607278
20170422	4.421014198
20170423	4.409641667
20170424	4.396501325
20170425	4.381605307
20170426	4.36496624
20170427	4.34659724
20170428	4.326511908
20170429	4.304724325
20170430	4.281249047
20170501	4.256101105
20170502	4.229295996
20170503	4.200849681
20170504	4.170778578
20170505	4.139099561
20170506	4.10582995
20170507	4.07098751
20170508	4.034590445
20170509	3.99665739
20170510	3.957207408
20170511	3.916259984
20170512	3.873835019
20170513	3.829952822
20170514	3.78463411
20170515	3.737899993
20170516	3.689771977
20170517	3.64027195
20170518	3.589422179
20170519	3.537245305
20170520	3.483764332
20170521	3.429002624
20170522	3.372983896
20170523	3.315732206
20170524	3.257271951
20170525	3.197627857
20170526	3.136824974
20170527	3.074888666
20170528	3.011844604
20170529	2.94771876
20170530	2.882537398
20170531	2.816327066
20170601	2.749114588
20170602	2.680927058
20170603	2.611791828
20170604	2.541736504
20170605	2.470788934
20170606	2.398977205
20170607	2.326329628
20170608	2.252874733
20170609	2.178641261
20170610	2.103658156
20170611	2.027954551
20170612	1.951559768
20170613	1.8745033
20170614	1.79681481
20170615	1.718524117
20170616	1.639661189
20170617	1.560256135
20170618	1.480339194
20170619	1.399940726
20170620	1.319091206
20170621	1.237821209
20170622	1.156161409
20170623	1.074142561
20170624	0.9917954986
20170625	0.9091511219
20170626	0.826240388
20170627	0.7430943027
20170628	0.6597439104
20170629	0.5762202858
20170630	0.4925545234
20170701	0.4087777293
20170702	0.3249210113
20170703	0.2410154693
20170704	0.1570921869
20170705	0.07318222123
20170706	-0.010683406
20170707	-0.09447371772
20170708	-0.1781577909
20170709	-0.2617047658
20170710	-0.3450838552
20170711	-0.4282643535
20170712	-0.5112156461
20170713	-0.5939072185
20170714	-0.6763086653
20170715	-0.7583896995
20170716	-0.8401201614
20170717	-0.9214700277
20170718	-1.002409421
20170719	-1.082908616
20170720	-1.162938055
20170721	-1.242468347
20170722	-1.321470286
20170723	-1.399914854
20170724	-1.47777323
20170725	-1.555016803
20170726	-1.631617173
20170727	-1.707546168
20170728	-1.782775847
20170729	-1.857278507
20170730	-1.931026697
20170731	-2.003993223
20170801	-2.076151154
20170802	-2.147473834
20170803	-2.217934888
20170804	-2.287508229
20170805	-2.356168067
20170806	-2.423888917
20170807	-2.490645605
20170808	-2.556413279
20170809	-2.621167411
20170810	-2.684883809
20170811	-2.747538621
20170812	-2.809108345
20170813	-2.869569832
20170814	-2.928900298
20170815	-2.987077327
20170816	-3.044078878
20170817	-3.099883293
20170818	-3.154469301
20170819	-3.207816029
20170820	-3.259903002
20170821	-3.310710153
20170822	-3.360217829
20170823	-3.408406794
20170824	-3.455258237
20170825	-3.500753779
20170826	-3.544875473
20170827	-3.587605814
20170828	-3.628927744
20170829	-3.668824653
20170830	-3.707280389
20170831	-3.744279259
20170901	-3.779806035
20170902	-3.813845958
20170903	-3.846384743
20170904	-3.877408583
20170905	-3.906904151
20170906	-3.934858606
20170907	-3.961259597
20170908	-3.986095266
20170909	-4.009354249
20170910	-4.031025683
20170911	-4.051099206
20170912	-4.069564962
20170913	-4.086413604
20170914	-4.101636294
20170915	-4.115224708
20170916	-4.127171037
20170917	-4.137467988
20170918	-4.146108792
20170919	-4.153087196
20170920	-4.158397472
20170921	-4.162034419
20170922	-4.163993358
20170923	-4.164270138
20170924	-4.162861137
20170925	-4.159763261
20170926	-4.154973945
20170927	-4.148491156
20170928	-4.140313389
20170929	-4.130439671
20170930	-4.118869559
20171001	-4.10560314
20171002	-4.090641033
20171003	-4.073984384
20171004	-4.055634871
20171005	-4.035594697
20171006	-4.013866596
20171007	-3.990453826
20171008	-3.96536017
20171009	-3.938589936
20171010	-3.910147951
20171011	-3.880039567
20171012	-3.848270649
20171013	-3.814847583
20171014	-3.779777266
20171015	-3.743067107
20171016	-3.704725025
20171017	-3.664759446
20171018	-3.623179297
20171019	-3.579994009
20171020	-3.535213508
20171021	-3.488848215
20171022	-3.44090904
20171023	-3.391407384
20171024	-3.340355128
20171025	-3.287764633
20171026	-3.233648735
20171027	-3.178020743
20171028	-3.120894431
20171029	-3.062284036
20171030	-3.002204253
20171031	-2.940670231
20171101	-2.877697563
20171102	-2.81330229
20171103	-2.747500889
20171104	-2.680310268
20171105	-2.611747764
20171106	-2.541831136
20171107	-2.470578557
20171108	-2.398008613
20171109	-2.32414029
20171110	-2.248992977
20171111	-2.172586451
20171112	-2.094940877
20171113	-2.016076797
20171114	-1.93601513
20171115	-1.854777156
20171116	-1.772384517
20171117	-1.688859208
20171118	-1.604223569
20171119	-1.518500277
20171120	-1.431712342
20171121	-1.343883098
20171122	-1.255036196
20171123	-1.165195594
20171124	-1.074385554
20171125	-0.9826306328
20171126	-0.8899556708
20171127	-0.7963857888
20171128	-0.7019463781
20171129	-0.6066630924
20171130	-0.5105618404
20171201	-0.4136687773
20171202	-0.3160102965
20171203	-0.2176130219
20171204	-0.1185037989
20171205	-0.01870968658
20171206	0.08174205113
20171207	0.1828239537
20171208	0.2845083728
20171209	0.3867674807
20171210	0.4895732789
20171211	0.5928976072
20171212	0.6967121519
20171213	0.8009884552
20171214	0.9056979235
20171215	1.010811837
20171216	1.116301357
20171217	1.222137537
20171218	1.328291331
20171219	1.434733601
20171220	1.541435127
20171221	1.648366617
20171222	1.755498715
20171223	1.862802011
20171224	1.970247048
20171225	2.077804333
20171226	2.185444345
20171227	2.293137546
20171228	2.400854388
20171229	2.508565322
20171230	2.616240809
20171231	2.723851327
20180101	2.831367381
20180102	2.938759514
20180103	3.045998312
20180104	3.153054416
20180105	3.259898529
20180106	3.366501428
20180107	3.472833968
20180108	3.578867098
20180109	3.684571862
20180110	3.789919413
20180111	3.894881021
20180112	3.99942808
20180113	4.103532119
20180114	4.207164807
20180115	4.310297968
20180116	4.412903581
20180117	4.514953797
20180118	4.616420942
20180119	4.717277526
20180120	4.817496254
20180121	4.91705003
20180122	5.015911971
20180123	5.114055409
20180124	5.211453903
20180125	5.308081244
20180126	5.403911468
20180127	5.498918857
20180128	5.593077952
20180129	5.686363557
20180130	5.77875075
20180131	5.870214888
20180201	5.960731614
20180202	6.050276868
20180203	6.138826889
20180204	6.226358224
20180205	6.312847738
20180206	6.398272616
20180207	6.482610374
20180208	6.565838861
20180209	6.64793627
20180210	6.728881143
20180211	6.808652376
20180212	6.887229226
20180213	6.964591317
20180214	7.040718648
20180215	7.115591594
20180216	7.189190916
20180217	7.261497766
20180218	7.33249369
20180219	7.402160636
20180220	7.470480958
20180221	7.537437421
20180222	7.603013206
20180223	7.667191915
20180224	7.729957575
20180225	7.791294644
20180226	7.851188014
20180227	7.909623017
20180228	7.966585424
20180301	8.022061457
20180302	8.076037786
20180303	8.128501536
20180304	8.17944029
20180305	8.228842091
20180306	8.276695447
20180307	8.322989334
20180308	8.367713198
20180309	8.410856957
20180310	8.452411005
20180311	8.492366216
20180312	8.530713942
20180313	8.567446019
20180314	8.602554768
20180315	8.636032995
20180316	8.667873997
20180317	8.698071557
20180318	8.726619953
20180319	8.753513953
20180320	8.778748819
20180321	8.802320307
20180322	8.824224669
20180323	8.844458654
20180324	8.863019504
20180325	8.879904961
20180326	8.895113261
20180327	8.908643138
20180328	8.920493823
20180329	8.930665041
20180330	8.939157016
20180331	8.945970465
20180401	8.951106598
20180402	8.954567122
20180403	8.956354233
20180404	8.956470619
20180405	8.954919458
20180406	8.951704415
20180407	8.946829643
20180408	8.940299778
20180409	8.932119938
20180410	8.922295722
20180411	8.910833208
20180412	8.897738947
20180413	8.883019964
20180414	8.866683754
20180415	8.848738279
20180416	8.829191967
20180417	8.808053702
20180418	8.785332831
20180419	8.761039152
20180420	8.735182914
20180421	8.707774813
20180422	8.678825987
20180423	8.648348013
20180424	8.616352904
20180425	8.582853101
20180426	8.547861473
20180427	8.511391307
20180428	8.473456311
20180429	8.434070601
20180430	8.393248702
20180501	8.351005539
20180502	8.307356436
20180503	8.262317106
20180504	8.215903647
20180505	8.168132541
20180506	8.119020642
20180507	8.068585171
20180508	8.016843716
20180509	7.963814219
20180510	7.909514975
20180511	7.85396462
20180512	7.797182133
20180513	7.739186821
20180514	7.679998318
20180515	7.619636577
20180516	7.558121862
20180517	7.495474744
20180518	7.43171609
20180519	7.36686706
20180520	7.300949099
20180521	7.233983928
20180522	7.165993537
20180523	7.097000181
20180524	7.027026368
20180525	6.956094857
20180526	6.884228644
20180527	6.81145096
20180528	6.73778526
20180529	6.663255216
20180530	6.587884712
20180531	6.51169783
20180601	6.43471885
20180602	6.356972234
20180603	6.278482626
20180604	6.199274836
20180605	6.119373838
20180606	6.03880476
20180607	5.957592874
20180608	5.875763591
20180609	5.793342449
20180610	5.710355108
20180611	5.626827342
20180612	5.542785026
20180613	5.458254132
20180614	5.373260722
20180615	5.287830932
20180616	5.201990973
20180617	5.115767116
20180618	5.029185686
20180619	4.942273054
20180620	4.855055627
20180621	4.767559842
20180622	4.679812152
20180623	4.591839027
20180624	4.503666936
20180625	4.415322343
20180626	4.3268317
20180627	4.238221436
20180628	4.149517948
20180629	4.060747597
20180630	3.971936692
20180701	3.883111492
20180702	3.794298188
20180703	3.705522899
20180704	3.616811665
20180705	3.528190437
20180706	3.439685069
20180707	3.351321309
20180708	3.263124793
20180709	3.175121036
20180710	3.087335424
20180711	2.999793205
20180712	2.912519482
20180713	2.825539206
20180714	2.738877168
20180715	2.65255799
20180716	2.566606117
20180717	2.481045813
20180718	2.395901148
20180719	2.311195997
20180720	2.226954026
20180721	2.14319869
20180722	2.059953223
20180723	1.97724063
20180724	1.895083684
20180725	1.813504915
20180726	1.732526604
20180727	1.652170778
20180728	1.572459201
20180729	1.49341337
20180730	1.415054505
20180731	1.337403545
20180801	1.260481141
20180802	1.18430765
20180803	1.108903129
20180804	1.034287329
20180805	0.9604796868
20180806	0.8874993231
20180807	0.8153650339
20180808	0.7440952859
20180809	0.6737082109
20180810	0.6042216005
20180811	0.5356529005
20180812	0.4680192063
20180813	0.4013372574
20180814	0.3356234327
20180815	0.2708937457
20180816	0.2071638398
20180817	0.1444489837
20180818	0.08276406718
20180819	0.02212359676
20180820	-0.03745830867
20180821	-0.09596792162
20180822	-0.15339191
20180823	-0.2097173409
20180824	-0.2649316842
20180825	-0.3190228161
20180826	-0.3719790224
20180827	-0.4237890018
20180828	-0.474441869
20180829	-0.5239271575
20180830	-0.5722348227
20180831	-0.6193552443
20180901	-0.6652792291
20180902	-0.7099980131
20180903	-0.7535032639
20180904	-0.795787083
20180905	-0.8368420073
20180906	-0.8766610114
20180907	-0.9152375091
20180908	-0.9525653549
20180909	-0.9886388454
20180910	-1.023452721
20180911	-1.057002165
20180912	-1.089282809
20180913	-1.120290729
20180914	-1.150022447
20180915	-1.178474936
20180916	-1.205645612
20180917	-1.231532343
20180918	-1.256133445
20180919	-1.279447679
20180920	-1.301474258
20180921	-1.32221284
20180922	-1.34166353
20180923	-1.359826882
20180924	-1.376703894
20180925	-1.392296008
20180926	-1.406605111
20180927	-1.419633534
20180928	-1.431384046
20180929	-1.441859858
20180930	-1.451064619
20181001	-1.459002414
20181002	-1.465677763
20181003	-1.471095618
20181004	-1.475261361
20181005	-1.478180803
20181006	-1.47986018
20181007	-1.48030615
20181008	-1.479525794
20181009	-1.477526607
20181010	-1.474316502
20181011	-1.4699038
20181012	-1.464297233
20181013	-1.457505936
20181014	-1.449539445
20181015	-1.440407696
20181016	-1.430121017
20181017	-1.418690125
20181018	-1.406126126
20181019	-1.392440507
20181020	-1.37764513
20181021	-1.361752235
20181022	-1.344774429
20181023	-1.326724681
20181024	-1.307616323
20181025	-1.287463041
20181026	-1.266278871
20181027	-1.244078194
20181028	-1.220875731
20181029	-1.196686537
20181030	-1.171525997
20181031	-1.145409821
20181101	-1.118354036
20181102	-1.090374983
20181103	-1.061489308
20181104	-1.031713962
20181105	-1.001066187
20181106	-0.9695635198
20181107	-0.937223776
20181108	-0.9040650509
20181109	-0.8701057101
20181110	-0.8353643844
20181111	-0.7998599627
20181112	-0.7636115859
20181113	-0.7266386404
20181114	-0.6889607511
20181115	-0.6505977753
20181116	-0.6115697956
20181117	-0.571897113
20181118	-0.5316002404
20181119	-0.4906998954
20181120	-0.4492169933
20181121	-0.4071726402
20181122	-0.3645881258
20181123	-0.3214849163
20181124	-0.2778846472
20181125	-0.2338091161
20181126	-0.1892802752
20181127	-0.1443202244
20181128	-0.09895120344
20181129	-0.05319558487
20181130	-0.007075866449
20181201	0.03938533629
20181202	0.08616529754
20181203	0.1332411887
20181204	0.180590086
20181205	0.228188978
20181206	0.2760147732
20181207	0.3240443076
20181208	0.3722543525
20181209	0.4206216219
20181210	0.4691227801
20181211	0.5177344497
20181212	0.5664332188
20181213	0.6151956492
20181214	0.6639982833
20181215	0.7128176525
20181216	0.7616302844
20181217	0.8104127106
20181218	0.8591414741
20181219	0.9077931372
20181220	0.956344289
20181221	1.004771553
20181222	1.053051594
20181223	1.101161128
20181224	1.149076926
20181225	1.196775824
20181226	1.244234729
20181227	1.291430631
20181228	1.338340602
20181229	1.38494181
20181230	1.431211526
20181231	1.477127127
20190101	1.522666106
20190102	1.567806081
20190103	1.612524799
20190104	1.656800144
20190105	1.700610145
20190106	1.743932981
20190107	1.78674699
20190108	1.829030674
20190109	1.870762709
20190110	1.911921948
20190111	1.952487428
20190112	1.99243838
20190113	2.031754232
20190114	2.070414618
20190115	2.10839938
20190116	2.145688582
20190117	2.182262508
20190118	2.218101674
20190119	2.253186829
20190120	2.287498968
20190121	2.321019331
20190122	2.353729412
20190123	2.385610963
20190124	2.416646005
20190125	2.446816825
20190126	2.476105989
20190127	2.504496342
20190128	2.531971017
20190129	2.558513438
20190130	2.584107326
20190131	2.608736703
20190201	2.6323859
20190202	2.655039556
20190203	2.676682629
20190204	2.697300394
20190205	2.716878453
20190206	2.735402739
20190207	2.752859514
20190208	2.769235382
20190209	2.784517286
20190210	2.798692515
20190211	2.811748706
20190212	2.823673851
20190213	2.834456297
20190214	2.844084751
20190215	2.852548282
20190216	2.859836327
20190217	2.865938691
20190218	2.870845551
20190219	2.87454746
20190220	2.877035346
20190221	2.878300521
20190222	2.878334677
20190223	2.877129891
20190224	2.874678627
20190225	2.87097374
20190226	2.866008474
20190227	2.859776467
20190228	2.85227175
20190301	2.843488751
20190302	2.833422297
20190303	2.82206761
20190304	2.809420317
20190305	2.795476441
20190306	2.780232409
20190307	2.763685052
20190308	2.745831603
20190309	2.726669697
20190310	2.706197376
20190311	2.684413086
20190312	2.661315675
20190313	2.6369044
20190314	2.611178918
20190315	2.584139293
20190316	2.555785992
20190317	2.526119885
20190318	2.495142246
20190319	2.46285475
20190320	2.429259472
20190321	2.394358889
20190322	2.358155875
20190323	2.320653705
20190324	2.281856045
20190325	2.241766962
20190326	2.20039091
20190327	2.15773274
20190328	2.113797688
20190329	2.06859138
20190330	2.022119827
20190331	1.974389423
20190401	1.925406944
20190402	1.875179543
20190403	1.823714748
20190404	1.771020464
20190405	1.717104962
20190406	1.661976883
20190407	1.605645232
20190408	1.548119374
20190409	1.489409036
20190410	1.429524294
20190411	1.36847558
20190412	1.306273672
20190413	1.242929692
20190414	1.178455101
20190415	1.112861701
20190416	1.04616162
20190417	0.9783673209
20190418	0.9094915861
20190419	0.8395475203
20190420	0.7685485437
20190421	0.6965083874
20190422	0.6234410897
20190423	0.5493609906
20190424	0.4742827281
20190425	0.3982212325
20190426	0.3211917222
20190427	0.2432096984
20190428	0.1642909403
20190429	0.08445149975
20190430	0.003707696348
20190501	-0.07792388796
20190502	-0.1604264141
20190503	-0.2437827915
20190504	-0.3279756831
20190505	-0.4129875112
20190506	-0.4988004632
20190507	-0.5853964968
20190508	-0.6727573459
20190509	-0.7608645265
20190510	-0.8496993425
20190511	-0.9392428913
20190512	-1.02947607
20190513	-1.120379582
20190514	-1.21193394
20190515	-1.304119477
20190516	-1.39691635
20190517	-1.490304543
20190518	-1.584263879
20190519	-1.678774023
20190520	-1.773814487
20190521	-1.869364639
20190522	-1.96540371
20190523	-2.061910795
20190524	-2.158864867
20190525	-2.256244778
20190526	-2.354029265
20190527	-2.452196962
20190528	-2.5507264
20190529	-2.649596018
20190530	-2.748784166
20190531	-2.848269117
20190601	-2.948029066
20190602	-3.048042144
20190603	-3.148286417
20190604	-3.248739901
20190605	-3.349380562
20190606	-3.450186324
20190607	-3.551135077
20190608	-3.652204683
20190609	-3.753372983
20190610	-3.854617801
20190611	-3.955916955
20190612	-4.057248259
20190613	-4.15858953
20190614	-4.2599186
20190615	-4.361213315
20190616	-4.462451545
20190617	-4.563611192
20190618	-4.664670192
20190619	-4.765606526
20190620	-4.866398222
20190621	-4.967023367
20190622	-5.067460106
20190623	-5.167686653
20190624	-5.267681298
20190625	-5.367422408
20190626	-5.46688844
20190627	-5.56605794
20190628	-5.664909554
20190629	-5.763422033
20190630	-5.861574238
20190701	-5.959345144
20190702	-6.056713852
20190703	-6.153659586
20190704	-6.250161708
20190705	-6.346199716
20190706	-6.441753254
20190707	-6.536802115
20190708	-6.631326249
20190709	-6.725305765
20190710	-6.818720942
20190711	-6.911552226
20190712	-7.003780244
20190713	-7.095385801
20190714	-7.186349893
20190715	-7.276653704
20190716	-7.366278618
20190717	-7.455206219
20190718	-7.543418297
20190719	-7.630896854
20190720	-7.717624107
20190721	-7.803582495
20190722	-7.888754678
20190723	-7.973123548
20190724	-8.056672229
20190725	-8.139384081
20190726	-8.221242709
20190727	-8.302231958
20190728	-8.382335928
20190729	-8.461538967
20190730	-8.539825682
20190731	-8.617180942
20190801	-8.693589877
20190802	-8.769037885
20190803	-8.843510635
20190804	-8.916994071
20190805	-8.989474412
20190806	-9.060938158
20190807	-9.131372092
20190808	-9.200763282
20190809	-9.269099086
20190810	-9.336367153
20190811	-9.402555424
20190812	-9.467652138
20190813	-9.531645831
20190814	-9.594525341
20190815	-9.656279809
20190816	-9.71689868
20190817	-9.776371705
20190818	-9.834688945
20190819	-9.891840772
20190820	-9.947817867
20190821	-10.00261123
20190822	-10.05621217
20190823	-10.10861231
20190824	-10.1598036
20190825	-10.2097783
20190826	-10.25852899
20190827	-10.30604858
20190828	-10.35233029
20190829	-10.39736766
20190830	-10.44115456
20190831	-10.48368518
20190901	-10.52495403
20190902	-10.56495595
20190903	-10.6036861
20190904	-10.64113996
20190905	-10.67731333
20190906	-10.71220235
20190907	-10.74580346
20190908	-10.77811345
20190909	-10.80912939
20190910	-10.83884872
20190911	-10.86726916
20190912	-10.89438878
20190913	-10.92020596
20190914	-10.94471938
20190915	-10.96792806
20190916	-10.98983132
20190917	-11.0104288
20190918	-11.02972047
20190919	-11.04770657
20190920	-11.0643877
20190921	-11.07976473
20190922	-11.09383885
20190923	-11.10661155
20190924	-11.11808464
20190925	-11.12826021
20190926	-11.13714066
20190927	-11.14472867
20190928	-11.15102724
20190929	-11.15603965
20190930	-11.15976945
20191001	-11.16222051
20191002	-11.16339696
20191003	-11.16330322
20191004	-11.16194398
20191005	-11.15932423
20191006	-11.15544919
20191007	-11.1503244
20191008	-11.14395562
20191009	-11.13634891
20191010	-11.12751056
20191011	-11.11744714
20191012	-11.10616547
20191013	-11.09367259
20191014	-11.07997583
20191015	-11.06508274
20191016	-11.04900111
20191017	-11.03173895
20191018	-11.01330455
20191019	-10.99370636
20191020	-10.97295312
20191021	-10.95105374
20191022	-10.92801737
20191023	-10.90385337
20191024	-10.8785713
20191025	-10.85218093
20191026	-10.82469223
20191027	-10.79611535
20191028	-10.76646064
20191029	-10.73573866
20191030	-10.70396011
20191031	-10.6711359
20191101	-10.63727709
20191102	-10.60239493
20191103	-10.56650081
20191104	-10.5296063
20191105	-10.49172313
20191106	-10.45286314
20191107	-10.41303837
20191108	-10.37226095
20191109	-10.33054319
20191110	-10.2878975
20191111	-10.24433643
20191112	-10.19987265
20191113	-10.15451894
20191114	-10.10828822
20191115	-10.06119347
20191116	-10.01324782
20191117	-9.96446447
20191118	-9.914856718
20191119	-9.864437954
20191120	-9.81322165
20191121	-9.761221356
20191122	-9.708450694
20191123	-9.654923359
20191124	-9.600653105
20191125	-9.545653748
20191126	-9.489939159
20191127	-9.433523254
20191128	-9.376419999
20191129	-9.318643396
20191130	-9.260207483
20191201	-9.201126329
20191202	-9.141414026
20191203	-9.08108469
20191204	-9.020152451
20191205	-8.958631449
20191206	-8.896535833
20191207	-8.833879752
20191208	-8.770677354
20191209	-8.706942777
20191210	-8.64269015
20191211	-8.577933584
20191212	-8.512687168
20191213	-8.446964966
20191214	-8.380781015
20191215	-8.314149313
20191216	-8.247083822
20191217	-8.179598461
20191218	-8.111707101
20191219	-8.04342356
20191220	-7.974761603
20191221	-7.905734934
20191222	-7.836357191
20191223	-7.766641946
20191224	-7.6966027
20191225	-7.626252874
20191226	-7.555605812
20191227	-7.484674774
20191228	-7.41347293
20191229	-7.342013362
20191230	-7.270309055
20191231	-7.198372895
20200101	-7.126217665
20200102	-7.053856045
20200103	-6.981300604
20200104	-6.908563797
20200105	-6.835657965
20200106	-6.76259533
20200107	-6.68938799
20200108	-6.616047918
20200109	-6.54258696
20200110	-6.469016827
20200111	-6.395349098
20200112	-6.321595215
20200113	-6.247766477
20200114	-6.173874044
20200115	-6.099928928
20200116	-6.025941993
20200117	-5.951923952
20200118	-5.877885367
20200119	-5.803836643
20200120	-5.729788027
20200121	-5.655749609
20200122	-5.581731313
20200123	-5.507742902
20200124	-5.433793972
20200125	-5.359893951
20200126	-5.286052099
20200127	-5.212277502
20200128	-5.138579075
20200129	-5.064965557
20200130	-4.991445513
20200131	-4.918027328
20200201	-4.84471921
20200202	-4.771529187
20200203	-4.698465104
20200204	-4.625534625
20200205	-4.552745231
20200206	-4.480104217
20200207	-4.407618696
20200208	-4.335295592
20200209	-4.263141644
20200210	-4.191163404
20200211	-4.119367235
20200212	-4.047759312
20200213	-3.976345624
20200214	-3.905131969
20200215	-3.834123955
20200216	-3.763327004
20200217	-3.692746345
20200218	-3.622387022
20200219	-3.552253887
20200220	-3.482351604
20200221	-3.412684649
20200222	-3.343257309
20200223	-3.274073683
20200224	-3.205137684
20200225	-3.136453037
20200226	-3.068023281
20200227	-2.999851771
20200228	-2.931941675
20200229	-2.86429598
20200301	-2.796917489
20200302	-2.729808822
20200303	-2.66297242
20200304	-2.596410545
20200305	-2.530125279
20200306	-2.464118529
20200307	-2.398392024
20200308	-2.332947321
20200309	-2.267785803
20200310	-2.202908684
20200311	-2.138317005
20200312	-2.074011642
20200313	-2.009993305
20200314	-1.946262539
20200315	-1.882819726
20200316	-1.81966509
20200317	-1.756798694
20200318	-1.694220447
20200319	-1.631930102
20200320	-1.569927262
20200321	-1.508211378
20200322	-1.446781756
20200323	-1.385637554
20200324	-1.324777791
20200325	-1.264201342
20200326	-1.203906947
20200327	-1.143893209
20200328	-1.0841586
20200329	-1.024701459
20200330	-0.9655200017
20200331	-0.9066123158
20200401	-0.8479763687
20200402	-0.7896100084
20200403	-0.7315109666
20200404	-0.6736768617
20200405	-0.6161052015
20200406	-0.5587933865
20200407	-0.5017387125
20200408	-0.4449383737
20200409	-0.3883894659
20200410	-0.3320889896
20200411	-0.2760338528
20200412	-0.2202208743
20200413	-0.1646467871
20200414	-0.1093082411
20200415	-0.05420180658
20200416	0.0006760226125
20200417	0.05532882582
20200418	0.1097602524
20200419	0.1639740183
20200420	0.2179739029
20200421	0.2717637458
20200422	0.3253474433
20200423	0.378728945
20200424	0.431912251
20200425	0.4849014078
20200426	0.5377005056
20200427	0.5903136745
20200428	0.6427450817
20200429	0.6949989272
20200430	0.7470794416
20200501	0.7989908819
20200502	0.8507375283
20200503	0.9023236812
20200504	0.9537536575
20200505	1.005031787
20200506	1.056162411
20200507	1.107149875
20200508	1.15799853
20200509	1.208712726
20200510	1.259296809
20200511	1.309755121
20200512	1.360091991
20200513	1.410311737
20200514	1.460418661
20200515	1.510417045
20200516	1.560311148
20200517	1.610105203
20200518	1.659803416
20200519	1.70940996
20200520	1.758928972
20200521	1.808364552
20200522	1.857720759
20200523	1.907001607
20200524	1.956211065
20200525	2.00535305
20200526	2.054431428
20200527	2.103450007
20200528	2.152412539
20200529	2.201322714
20200530	2.250184158
20200531	2.299000429
20200601	2.347775019
20200602	2.396511344
20200603	2.44521275
20200604	2.493882503
20200605	2.54252379
20200606	2.591139718
20200607	2.639733307
20200608	2.688307494
20200609	2.736865123
20200610	2.785408951
20200611	2.833941639
20200612	2.882465755
20200613	2.930983767
20200614	2.979498046
20200615	3.02801086
20200616	3.076524376
20200617	3.125040653
20200618	3.173561645
20200619	3.222089197
20200620	3.270625044
20200621	3.319170809
20200622	3.367728001
20200623	3.416298015
20200624	3.464882128
20200625	3.513481502
20200626	3.562097177
20200627	3.610730075
20200628	3.659380996
20200629	3.708050617
20200630	3.756739491
20200701	3.805448047
20200702	3.854176589
20200703	3.902925293
20200704	3.95169421
20200705	4.000483261
20200706	4.04929224
20200707	4.098120809
20200708	4.146968505
20200709	4.195834731
20200710	4.244718761
20200711	4.293619737
20200712	4.342536671
20200713	4.391468443
20200714	4.440413801
20200715	4.489371363
20200716	4.538339614
20200717	4.587316909
20200718	4.636301468
20200719	4.685291385
20200720	4.73428462
20200721	4.783279002
20200722	4.832272231
20200723	4.881261877
20200724	4.930245381
20200725	4.979220056
20200726	5.028183086
20200727	5.077131528
20200728	5.126062313
20200729	5.174972245
20200730	5.223858007
20200731	5.272716154
20200801	5.32154312
20200802	5.37033522
20200803	5.419088645
20200804	5.467799468
20200805	5.516463646
20200806	5.565077017
20200807	5.613635305
20200808	5.662134121
20200809	5.710568963
20200810	5.758935218
20200811	5.807228167
20200812	5.855442979
20200813	5.903574722
20200814	5.951618359
20200815	5.99956875
20200816	6.047420656
20200817	6.095168741
20200818	6.142807572
20200819	6.190331621
20200820	6.237735271
20200821	6.285012814
20200822	6.332158454
20200823	6.37916631
20200824	6.426030421
20200825	6.472744741
20200826	6.519303149
20200827	6.565699448
20200828	6.611927365
20200829	6.657980561
20200830	6.703852625
20200831	6.749537081
20200901	6.795027392
20200902	6.840316959
20200903	6.885399125
20200904	6.93026718
20200905	6.974914359
20200906	7.01933385
20200907	7.063518795
20200908	7.107462288
20200909	7.151157388
20200910	7.194597111
20200911	7.237774441
20200912	7.280682328
20200913	7.323313695
20200914	7.365661436
20200915	7.407718424
20200916	7.449477512
20200917	7.490931534
20200918	7.532073311
20200919	7.572895653
20200920	7.613391363
20200921	7.653553237
20200922	7.693374071
20200923	7.732846663
20200924	7.771963812
20200925	7.810718329
20200926	7.849103032
20200927	7.887110756
20200928	7.924734351
20200929	7.961966687
20200930	7.998800659
20201001	8.035229187
20201002	8.07124522
20201003	8.106841742
20201004	8.142011769
20201005	8.17674836
20201006	8.211044613
20201007	8.244893673
20201008	8.27828873
20201009	8.311223029
20201010	8.343689867
20201011	8.375682598
20201012	8.407194637
20201013	8.438219463
20201014	8.46875062
20201015	8.498781722
20201016	8.528306453
20201017	8.557318575
20201018	8.585811925
20201019	8.613780424
20201020	8.641218074
20201021	8.668118964
20201022	8.694477272
20201023	8.720287269
20201024	8.745543319
20201025	8.770239883
20201026	8.794371524
20201027	8.817932906
20201028	8.840918799
20201029	8.863324078
20201030	8.885143731
20201031	8.906372858
20201101	8.927006671
20201102	8.947040503
20201103	8.966469805
20201104	8.98529015
20201105	9.003497233
20201106	9.021086879
20201107	9.038055038
20201108	9.054397793
20201109	9.070111357
20201110	9.085192079
20201111	9.099636444
20201112	9.113441075
20201113	9.126602736
20201114	9.13911833
20201115	9.150984907
20201116	9.162199659
20201117	9.172759928
20201118	9.182663202
20201119	9.191907119
20201120	9.200489468
20201121	9.208408191
20201122	9.215661385
20201123	9.222247299
20201124	9.228164341
20201125	9.233411075
20201126	9.237986223
20201127	9.241888668
20201128	9.245117452
20201129	9.247671778
20201130	9.249551011
20201201	9.25075468
20201202	9.251282475
20201203	9.251134251
20201204	9.250310029
20201205	9.248809991
20201206	9.246634489
20201207	9.243784036
20201208	9.240259313
20201209	9.236061168
20201210	9.231190613
20201211	9.225648827
20201212	9.219437155
20201213	9.212557109
20201214	9.205010365
20201215	9.196798767
20201216	9.187924321
20201217	9.178389202
20201218	9.168195746
20201219	9.157346455
20201220	9.145843994
20201221	9.13369119
20201222	9.120891033
20201223	9.107446674
20201224	9.093361425
20201225	9.078638755
20201226	9.063282295
20201227	9.047295832
20201228	9.030683307
20201229	9.013448821
20201230	8.995596625
20201231	8.977131123
20210101	8.958056872
20210102	8.938378576
20210103	8.91810109
20210104	8.897229415
20210105	8.875768694
20210106	8.853724217
20210107	8.831101413
20210108	8.807905852
20210109	8.784143242
20210110	8.759819424
20210111	8.734940375
20210112	8.709512205
20210113	8.68354115
20210114	8.657033575
20210115	8.62999597
20210116	8.602434949
20210117	8.574357243
20210118	8.545769705
20210119	8.5166793
20210120	8.487093108
20210121	8.457018318
20210122	8.426462227
20210123	8.395432239
20210124	8.363935856
20210125	8.331980684
20210126	8.299574422
20210127	8.266724865
20210128	8.233439899
20210129	8.199727496
20210130	8.165595715
20210131	8.131052694
20210201	8.096106653
20210202	8.060765885
20210203	8.025038757
20210204	7.988933705
20210205	7.95245923
20210206	7.915623896
20210207	7.878436328
20210208	7.840905204
20210209	7.803039258
20210210	7.76484727
20210211	7.726338069
20210212	7.687520523
20210213	7.648403543
20210214	7.608996072
20210215	7.569307085
20210216	7.529345588
20210217	7.489120608
20210218	7.448641197
20210219	7.407916422
20210220	7.366955365
20210221	7.325767116
20210222	7.284360776
20210223	7.242745445
20210224	7.200930224
20210225	7.158924209
20210226	7.116736489
20210227	7.074376141
20210228	7.031852225
20210301	6.989173783
20210302	6.946349835
20210303	6.903389373
20210304	6.86030136
20210305	6.817094724
20210306	6.773778355
20210307	6.730361105
20210308	6.686851776
20210309	6.643259125
20210310	6.599591856
20210311	6.555858617
20210312	6.512067995
20210313	6.468228517
20210314	6.42434864
20210315	6.380436753
20210316	6.336501169
20210317	6.292550127
20210318	6.248591781
20210319	6.204634203
20210320	6.160685378
20210321	6.116753198
20210322	6.072845461
20210323	6.028969866
20210324	5.985134013
20210325	5.941345395
20210326	5.897611398
20210327	5.853939296
20210328	5.810336252
20210329	5.766809306
20210330	5.723365382
20210331	5.680011279
20210401	5.636753667
20210402	5.59359909
20210403	5.550553957
20210404	5.507624541
20210405	5.464816979
20210406	5.422137265
20210407	5.379591248
20210408	5.337184634
20210409	5.294922976
20210410	5.252811678
20210411	5.210855987
20210412	5.169060995
20210413	5.127431635
20210414	5.085972676
20210415	5.044688726
20210416	5.003584226
20210417	4.962663446
20210418	4.92193049
20210419	4.881389287
20210420	4.841043591
20210421	4.800896981
20210422	4.760952858
20210423	4.721214441
20210424	4.681684771
20210425	4.642366702
20210426	4.603262905
20210427	4.564375864
20210428	4.525707876
20210429	4.487261048
20210430	4.449037298
20210501	4.41103835
20210502	4.373265738
20210503	4.3357208
20210504	4.298404681
20210505	4.26131833
20210506	4.224462499
20210507	4.187837744
20210508	4.151444421
20210509	4.115282691
20210510	4.079352513
20210511	4.043653648
20210512	4.008185659
20210513	3.972947906
20210514	3.937939551
20210515	3.903159557
20210516	3.868606684
20210517	3.834279494
20210518	3.80017635
20210519	3.766295413
20210520	3.732634646
20210521	3.699191815
20210522	3.665964483
20210523	3.632950021
20210524	3.600145598
20210525	3.567548191
20210526	3.535154577
20210527	3.502961343
20210528	3.470964879
20210529	3.439161385
20210530	3.407546867
20210531	3.376117145
20210601	3.344867846
20210602	3.313794412
20210603	3.282892099
20210604	3.252155979
20210605	3.221580942
20210606	3.191161695
20210607	3.160892769
20210608	3.130768516
20210609	3.100783113
20210610	3.070930565
20210611	3.041204707
20210612	3.011599203
20210613	2.982107552
20210614	2.95272309
20210615	2.923438991
20210616	2.894248269
20210617	2.865143782
20210618	2.836118237
20210619	2.807164188
20210620	2.77827404
20210621	2.749440055
20210622	2.720654352
20210623	2.691908912
20210624	2.663195578
20210625	2.634506063
20210626	2.605831948
20210627	2.57716469
20210628	2.54849562
20210629	2.519815954
20210630	2.49111679
20210701	2.462389112
20210702	2.4336238
20210703	2.404811624
20210704	2.375943256
20210705	2.347009271
20210706	2.318000148
20210707	2.288906279
20210708	2.25971797
20210709	2.230425444
20210710	2.201018847
20210711	2.171488255
20210712	2.14182367
20210713	2.112015031
20210714	2.082052219
20210715	2.051925055
20210716	2.021623309
20210717	1.991136706
20210718	1.960454924
20210719	1.929567606
20210720	1.898464358
20210721	1.867134758
20210722	1.83556836
20210723	1.803754696
20210724	1.771683282
20210725	1.739343624
20210726	1.706725222
20210727	1.673817574
20210728	1.64061018
20210729	1.60709255
20210730	1.573254205
20210731	1.539084684
20210801	1.50457355
20210802	1.46971039
20210803	1.434484826
20210804	1.398886515
20210805	1.362905156
20210806	1.326530496
20210807	1.289752333
20210808	1.25256052
20210809	1.214944973
20210810	1.176895673
20210811	1.138402673
20210812	1.099456102
20210813	1.06004617
20210814	1.020163171
20210815	0.9797974928
20210816	0.9389396157
20210817	0.8975801218
20210818	0.8557096982
20210819	0.8133191418
20210820	0.7703993645
20210821	0.7269413975
20210822	0.6829363965
20210823	0.6383756462
20210824	0.593250565
20210825	0.5475527099
20210826	0.5012737808
20210827	0.4544056254
20210828	0.4069402437
20210829	0.3588697926
20210830	0.3101865903
20210831	0.2608831208
20210901	0.2109520386
20210902	0.1603861728
20210903	0.1091785315
20210904	0.05732230616
20210905	0.004810875994
20210906	-0.04836218803
20210907	-0.1022031189
20210908	-0.1567179494
20210909	-0.2119125083
20210910	-0.267792416
20210911	-0.3243630807
20210912	-0.3816296949
20210913	-0.4395972307
20210914	-0.4982704371
20210915	-0.5576538353
20210916	-0.6177517158
20210917	-0.6785681344
20210918	-0.7401069089
20210919	-0.8023716155
20210920	-0.8653655856
20210921	-0.9290919024
20210922	-0.9935533978
20210923	-1.058752649
20210924	-1.124691976
20210925	-1.191373437
20210926	-1.258798828
20210927	-1.326969679
20210928	-1.39588725
20210929	-1.465552529
20210930	-1.53596623
20211001	-1.607128791
20211002	-1.679040369
20211003	-1.751700842
20211004	-1.825109802
20211005	-1.899266557
20211006	-1.974170124
20211007	-2.049819234
20211008	-2.126212323
20211009	-2.203347537
20211010	-2.281222722
20211011	-2.359835432
20211012	-2.43918292
20211013	-2.519262141
20211014	-2.600069747
20211015	-2.681602091
20211016	-2.763855219
20211017	-2.846824877
20211018	-2.930506504
20211019	-3.014895233
20211020	-3.099985891
20211021	-3.185773
20211022	-3.27225077
20211023	-3.359413109
20211024	-3.447253613
20211025	-3.535765571
20211026	-3.624941964
20211027	-3.714775467
20211028	-3.805258443
20211029	-3.896382951
20211030	-3.988140741
20211031	-4.080523258
20211101	-4.17352164
20211102	-4.26712672
20211103	-4.361329026
20211104	-4.456118784
20211105	-4.551485917
20211106	-4.647420046
20211107	-4.743910493
20211108	-4.840946281
20211109	-4.938516138
20211110	-5.036608493
20211111	-5.135211485
20211112	-5.234312959
20211113	-5.333900471
20211114	-5.433961288
20211115	-5.534482394
20211116	-5.635450486
20211117	-5.736851984
20211118	-5.838673026
20211119	-5.940899476
20211120	-6.043516924
20211121	-6.14651069
20211122	-6.249865827
20211123	-6.353567122
20211124	-6.457599102
20211125	-6.561946036
20211126	-6.666591936
20211127	-6.771520564
20211128	-6.876715436
20211129	-6.98215982
20211130	-7.087836746
20211201	-7.193729007
20211202	-7.299819162
20211203	-7.406089543
20211204	-7.512522256
20211205	-7.619099186
20211206	-7.725802004
20211207	-7.832612167
20211208	-7.939510927
20211209	-8.04647933
20211210	-8.153498227
20211211	-8.260548275
20211212	-8.367609941
20211213	-8.47466351
20211214	-8.581689088
20211215	-8.688666607
20211216	-8.795575832
20211217	-8.902396364
20211218	-9.009107647
20211219	-9.115688971
20211220	-9.22211948
20211221	-9.328378179
20211222	-9.434443933
20211223	-9.54029548
20211224	-9.645911433
20211225	-9.751270286
20211226	-9.856350423
20211227	-9.961130117
20211228	-10.06558754
